30
4663463 -1096270
555053 4519534
9781563 -3480508
7821961 9384207
-4286600 5754803
-2586165 9057560
9375342 5515896
-1683545 -6541757
7024244 -2309963
-7982647 2506498
-6631764 -2524009
1570611 -2323441
8767233 -2960997
-6177969 -9890805
9111254 -8352884
9011257 3774717
550845 -433689
-1705749 332408
6085802 -3883788
-283385 -8200797
-8128984 7130449
-9143236 -8753642
2646346 -826782
-5295399 -329409
6863254 -3278047
-7822911 -9768509
4197943 3747700
-2091950 2965176
-9213296 1730080
3074370 9897957