28
-4304207 2944213 -6573118
4403099 9110964 -1849457
-1516579 8791862 -1374564
2752809 8565217 -4424297
2663215 -4747674 -995256
2993300 2606128 6729826
-904011 3194772 -4465650
4347331 8808992 4313844
5618109 240059 1274134
6503064 1002504 7973656
2071379 6698297 917869
5498260 1101397 28834
-6351196 9584817 -1179304
2274239 2337627 -2614087
7849942 -4999157 2638239
-3145314 7994142 -4755633
-6415487 -2909868 8439139
-881137 -8562537 7248132
-6567293 7055572 -2511808
4706840 3558636 8490695
2680496 -4369985 5188993
-6401634 -8871724 -3709609
3627200 -5222921 -4124792
-7552104 7051318 8212835
-166192 4901260 -6786322
-7527952 -8244053 -8792179
-2283585 -4659541 -1702047
-3844446 4459321 -264585